model=tf num_threads=4 num_rounds=3 num_lines=4 pipes=sppppppppppppppp 
        size     Runtime
           2    0.138667
           4       0.119
           8    0.190667
          16       0.353
          32    0.852333
          64       1.804
         128     4.18033
         256     10.6507
         512     13.5737
        1024      25.112
        2048     42.8467
        4096     76.1267
        8192     144.262
       16384     276.416
       32768     552.054
       65536     1119.48
      131072     2170.85
      262144     4308.24
      524288     8495.56
     1048576     16875.8
     2097152     33495.5
     4194304     66922.7
     8388608      133560
model=tbb num_threads=4 num_rounds=3 num_lines=4 pipes=sppppppppppppppp 
        size     Runtime
           2        0.52
           4       0.279
           8    0.459333
          16    0.899333
          32       1.687
          64       2.086
         128     3.46533
         256     6.91233
         512     13.8153
        1024     21.4583
        2048      32.197
        4096     64.1273
        8192     126.216
       16384     244.975
       32768     485.459
       65536     971.648
      131072     1942.38
      262144     3885.37
      524288     7775.31
     1048576     15545.7
     2097152     31089.8
     4194304     62180.2
     8388608      124375
model=tf num_threads=8 num_rounds=3 num_lines=8 pipes=sppppppppppppppp 
        size     Runtime
           2    0.312333
           4    0.298667
           8    0.395333
          16    0.641333
          32     1.11733
          64     1.93533
         128       3.546
         256     6.22033
         512      11.672
        1024     19.5597
        2048     34.5987
        4096     64.4167
        8192     121.941
       16384      200.24
       32768     300.151
       65536     568.423
      131072     1173.02
      262144     2329.13
      524288     4504.87
     1048576     8881.06
     2097152     17591.4
     4194304     35148.5
     8388608     69712.3
model=tbb num_threads=8 num_rounds=3 num_lines=8 pipes=sppppppppppppppp 
        size     Runtime
           2    0.495667
           4       0.263
           8    0.303667
          16    0.546667
          32       0.952
          64     1.66667
         128     2.13867
         256     3.49967
         512     6.94633
        1024     13.5103
        2048      20.935
        4096     33.3703
        8192      66.535
       16384     130.785
       32768     257.624
       65536     513.265
      131072     1023.69
      262144     2045.15
      524288     4088.62
     1048576     8176.22
     2097152     16354.5
     4194304     32707.2
     8388608     65426.4
model=tf num_threads=16 num_rounds=3 num_lines=16 pipes=sppppppppppppppp 
        size     Runtime
           2       0.382
           4    0.339333
           8       0.437
          16       0.553
          32       0.797
          64     1.35233
         128       2.536
         256       3.897
         512     6.62867
        1024     11.5513
        2048     22.8607
        4096     44.1183
        8192      84.917
       16384     150.314
       32768     257.794
       65536     405.587
      131072     765.898
      262144     1488.73
      524288      2963.2
     1048576     5519.55
     2097152     10567.6
     4194304     20628.6
     8388608     40410.3
model=tbb num_threads=16 num_rounds=3 num_lines=16 pipes=sppppppppppppppp 
        size     Runtime
           2       0.514
           4        0.28
           8    0.291333
          16       0.358
          32    0.486333
          64    0.839333
         128     1.50633
         256     1.86633
         512     3.43367
        1024     6.70133
        2048     13.2273
        4096     22.3163
        8192     41.1183
       16384     81.7117
       32768     166.411
       65536     340.646
      131072     669.782
      262144     1332.95
      524288     2641.27
     1048576     5231.81
     2097152     10349.6
     4194304     21074.1
     8388608     42278.6
model=tf num_threads=32 num_rounds=3 num_lines=32 pipes=sppppppppppppppp 
        size     Runtime
           2       0.454
           4    0.351667
           8    0.574667
          16    0.721333
          32        0.83
          64     1.93367
         128       1.659
         256     5.36133
         512     4.02567
        1024     5.57967
        2048       9.841
        4096     20.1763
        8192      41.523
       16384      75.834
       32768     128.638
       65536     253.734
      131072     485.131
      262144     973.242
      524288     1979.46
     1048576     4235.14
     2097152     8742.31
     4194304     17378.9
     8388608     35044.3
model=tbb num_threads=32 num_rounds=3 num_lines=32 pipes=sppppppppppppppp 
        size     Runtime
           2       0.469
           4    0.213333
           8       0.235
          16    0.226333
          32       0.295
          64    0.466333
         128       0.805
         256       1.454
         512     2.44367
        1024     4.75467
        2048     9.47667
        4096     18.6743
        8192     36.5523
       16384     72.2007
       32768     143.821
       65536     296.052
      131072      580.05
      262144      1129.4
      524288     2228.27
     1048576     4468.27
     2097152     8937.51
     4194304     17857.4
     8388608     35711.8
model=tf num_threads=64 num_rounds=3 num_lines=64 pipes=sppppppppppppppp 
        size     Runtime
           2    0.335667
           4    0.295333
           8    0.394333
          16    0.578667
          32       0.943
          64     1.19567
         128     1.75067
         256       3.191
         512     3.13733
        1024       5.862
        2048       9.677
        4096     19.9033
        8192      40.054
       16384     76.1733
       32768     151.934
       65536      305.35
      131072     648.577
      262144     1264.03
      524288     2631.13
     1048576     5558.11
     2097152     11381.5
     4194304     22720.2
     8388608     45590.4
model=tbb num_threads=64 num_rounds=3 num_lines=64 pipes=sppppppppppppppp 
        size     Runtime
           2       0.308
           4    0.286333
           8    0.331667
          16       0.329
          32       0.418
          64       0.546
         128    0.856333
         256     1.34467
         512     2.21733
        1024     4.02867
        2048       7.939
        4096     15.5387
        8192     30.7367
       16384     61.3073
       32768     121.864
       65536     244.553
      131072     489.118
      262144     979.149
      524288     1953.83
     1048576     3910.17
     2097152     7814.97
     4194304     16053.1
     8388608     32137.6
model=tf num_threads=80 num_rounds=3 num_lines=80 pipes=sppppppppppppppp 
        size     Runtime
           2       0.221
           4    0.259667
           8       0.524
          16    0.741333
          32     1.81933
          64     2.49533
         128     4.55867
         256     3.99833
         512     7.65767
        1024     10.7797
        2048      12.113
        4096     23.5887
        8192     43.0937
       16384      87.498
       32768     170.384
       65536     352.348
      131072     754.738
      262144     1499.14
      524288     3108.82
     1048576     6386.15
     2097152     12999.2
     4194304     25950.3
     8388608     52220.2
model=tbb num_threads=80 num_rounds=3 num_lines=80 pipes=sppppppppppppppp 
        size     Runtime
           2    0.516667
           4    0.333667
           8    0.318667
          16    0.442667
          32       0.471
          64    0.611333
         128    0.816667
         256     1.39267
         512     2.18667
        1024     4.11667
        2048     8.10267
        4096      15.903
        8192     31.1313
       16384     63.2613
       32768      125.26
       65536      250.59
      131072     498.237
      262144     993.679
      524288     1988.06
     1048576     3971.52
     2097152     7939.62
     4194304     16571.3
     8388608     33121.1
