model=tf num_threads=4 num_rounds=3 num_lines=4 pipes=spsp 
        size     Runtime
           2   0.0623333
           4   0.0393333
           8   0.0646667
          16    0.104333
          32    0.174333
          64    0.347333
         128    0.687667
         256       1.435
         512     3.13367
        1024     7.20333
        2048     14.4463
        4096     21.6623
        8192      34.372
       16384     63.5617
       32768     108.499
       65536     214.251
      131072     421.261
      262144     848.146
      524288     1746.87
     1048576     3490.93
     2097152      6856.4
     4194304     13919.1
     8388608     27850.3
model=tbb num_threads=4 num_rounds=3 num_lines=4 pipes=spsp 
        size     Runtime
           2    0.178333
           4       0.082
           8    0.171333
          16    0.304333
          32    0.614667
          64     1.38733
         128     2.15567
         256     3.37833
         512     7.42133
        1024     12.2017
        2048      23.066
        4096     38.8023
        8192      77.424
       16384     154.753
       32768      304.98
       65536     612.965
      131072     1225.23
      262144     2434.34
      524288      4878.6
     1048576     9737.64
     2097152     19525.2
     4194304     38979.5
     8388608     78181.7
model=tf num_threads=8 num_rounds=3 num_lines=8 pipes=spsp 
        size     Runtime
           2    0.159333
           4    0.116667
           8       0.199
          16    0.229667
          32    0.388333
          64    0.690333
         128       1.218
         256     2.47567
         512       4.382
        1024       6.888
        2048     14.4783
        4096     25.8113
        8192      47.033
       16384      86.433
       32768     168.712
       65536     258.085
      131072     460.464
      262144     928.783
      524288     2046.63
     1048576     4249.13
     2097152     8669.19
     4194304     17339.3
     8388608     34472.6
model=tbb num_threads=8 num_rounds=3 num_lines=8 pipes=spsp 
        size     Runtime
           2    0.342667
           4    0.100333
           8    0.160333
          16    0.253667
          32       0.528
          64    0.985333
         128     1.60367
         256     2.55067
         512     4.94667
        1024     10.3793
        2048     19.3747
        4096      32.491
        8192     56.1773
       16384     111.765
       32768      227.63
       65536     469.327
      131072      934.69
      262144     1863.02
      524288      3721.4
     1048576     7446.12
     2097152     14908.4
     4194304     29687.5
     8388608     59600.6
model=tf num_threads=16 num_rounds=3 num_lines=16 pipes=spsp 
        size     Runtime
           2       0.198
           4    0.105333
           8    0.166333
          16    0.277333
          32    0.422333
          64    0.738333
         128     1.39267
         256     2.97833
         512     5.67467
        1024     11.1993
        2048     16.4623
        4096     29.8277
        8192      58.146
       16384     100.561
       32768     196.672
       65536     368.845
      131072     636.615
      262144     1253.74
      524288     2677.97
     1048576     5384.62
     2097152     10773.8
     4194304     21114.9
     8388608     42736.1
model=tbb num_threads=16 num_rounds=3 num_lines=16 pipes=spsp 
        size     Runtime
           2       0.194
           4       0.048
           8    0.142333
          16    0.210667
          32    0.400667
          64       0.782
         128     1.41967
         256     2.01433
         512     3.83967
        1024     7.49967
        2048      15.057
        4096      27.302
        8192     51.5067
       16384     102.552
       32768     207.281
       65536     417.314
      131072     802.147
      262144     1598.97
      524288      3183.3
     1048576     6347.77
     2097152     12668.4
     4194304       25290
     8388608     50806.2
model=tf num_threads=32 num_rounds=3 num_lines=32 pipes=spsp 
        size     Runtime
           2        0.17
           4       0.108
           8    0.136333
          16       0.239
          32    0.436667
          64       0.755
         128     1.74167
         256       3.059
         512     5.22633
        1024     10.5503
        2048     17.7217
        4096     30.2223
        8192     59.4423
       16384      110.51
       32768     233.569
       65536     412.184
      131072     823.979
      262144     1519.17
      524288     3341.43
     1048576     6584.44
     2097152     12996.1
     4194304     25806.7
     8388608     51602.6
model=tbb num_threads=32 num_rounds=3 num_lines=32 pipes=spsp 
        size     Runtime
           2       0.127
           4   0.0506667
           8    0.118667
          16    0.269333
          32       0.333
          64    0.621333
         128       1.111
         256     1.73967
         512     3.32333
        1024       6.559
        2048     12.6663
        4096     24.0027
        8192      46.599
       16384     92.7543
       32768     184.881
       65536     369.459
      131072     719.653
      262144      1496.7
      524288     2994.24
     1048576     5978.56
     2097152     11961.2
     4194304       23893
     8388608     47931.1
model=tf num_threads=64 num_rounds=3 num_lines=64 pipes=spsp 
        size     Runtime
           2    0.162667
           4       0.131
           8    0.191667
          16    0.269333
          32    0.485667
          64    0.996333
         128     1.66867
         256     3.36533
         512     6.52867
        1024     12.5897
        2048     19.9693
        4096     32.0757
        8192     60.8553
       16384     117.027
       32768     233.606
       65536     518.633
      131072     1056.99
      262144     2086.18
      524288     4227.31
     1048576     8055.46
     2097152     15792.8
     4194304     31563.3
     8388608     63333.1
model=tbb num_threads=64 num_rounds=3 num_lines=64 pipes=spsp 
        size     Runtime
           2    0.333667
           4   0.0903333
           8       0.108
          16       0.203
          32     1.49133
          64    0.859667
         128     1.28067
         256       1.927
         512     3.83067
        1024     7.22567
        2048      14.056
        4096     24.8837
        8192     48.0273
       16384     99.2037
       32768     200.024
       65536     399.992
      131072     779.357
      262144     1587.56
      524288     3192.39
     1048576     6341.85
     2097152     12661.5
     4194304     25178.5
     8388608     50524.5
model=tf num_threads=80 num_rounds=3 num_lines=80 pipes=spsp 
        size     Runtime
           2    0.134333
           4    0.121333
           8    0.192333
          16    0.360333
          32       0.887
          64       0.921
         128     1.82733
         256       4.069
         512       6.376
        1024     11.5603
        2048      18.807
        4096     34.8573
        8192     61.6433
       16384     118.506
       32768     227.964
       65536      485.99
      131072     1098.68
      262144     2382.02
      524288     4325.83
     1048576     8918.61
     2097152     17400.8
     4194304     33168.9
     8388608     67231.5
model=tbb num_threads=80 num_rounds=3 num_lines=80 pipes=spsp 
        size     Runtime
           2       0.257
           4       0.061
           8       0.086
          16    0.181333
          32       1.086
          64     3.32633
         128     1.23333
         256        2.28
         512       3.884
        1024     7.50767
        2048     14.8533
        4096     27.0287
        8192     54.5133
       16384     111.599
       32768     222.838
       65536     446.529
      131072     887.736
      262144     1764.33
      524288     3525.93
     1048576     7002.18
     2097152     14043.2
     4194304     28092.8
     8388608     56302.1
