model=tf num_threads=4 num_rounds=3 num_lines=4 pipes=sppppppp 
        size     Runtime
           2   0.0456667
           4   0.0293333
           8   0.0323333
          16   0.0366667
          32   0.0583333
          64       0.061
         128    0.129333
         256    0.180667
         512    0.414333
        1024    0.810333
        2048     1.71733
        4096       3.931
        8192       7.681
       16384      15.438
       32768     24.4907
       65536      43.734
      131072     94.1993
      262144     168.852
      524288     358.554
     1048576     829.874
     2097152     1807.38
     4194304     3923.15
     8388608     8295.76
model=tbb num_threads=4 num_rounds=3 num_lines=4 pipes=sppppppp 
        size     Runtime
           2    0.262667
           4   0.0123333
           8       0.039
          16   0.0343333
          32   0.0276667
          64       0.068
         128    0.142667
         256    0.282667
         512       0.366
        1024    0.794333
        2048     1.41067
        4096     2.05267
        8192     3.77567
       16384     7.51333
       32768      15.018
       65536     23.8657
      131072     40.5603
      262144      82.547
      524288     179.115
     1048576      337.54
     2097152     683.821
     4194304     1346.63
     8388608     2688.26
model=tf num_threads=8 num_rounds=3 num_lines=8 pipes=sppppppp 
        size     Runtime
           2    0.130333
           4       0.061
           8   0.0683333
          16   0.0823333
          32   0.0926667
          64    0.133667
         128    0.246333
         256    0.343333
         512    0.678333
        1024     1.25333
        2048     2.55867
        4096     4.70633
        8192     8.03967
       16384      15.646
       32768     30.1953
       65536     54.6313
      131072     117.629
      262144     225.898
      524288     369.269
     1048576     657.495
     2097152     1469.42
     4194304     3042.01
     8388608     5828.06
model=tbb num_threads=8 num_rounds=3 num_lines=8 pipes=sppppppp 
        size     Runtime
           2       0.134
           4       0.013
           8   0.0163333
          16       0.034
          32   0.0653333
          64   0.0506667
         128   0.0876667
         256    0.198333
         512    0.443333
        1024    0.935667
        2048     1.69267
        4096       2.472
        8192     3.93533
       16384       7.768
       32768     15.1217
       65536      24.722
      131072     45.4513
      262144     92.1943
      524288     196.948
     1048576     434.309
     2097152     852.941
     4194304     1698.99
     8388608     3382.47
model=tf num_threads=16 num_rounds=3 num_lines=16 pipes=sppppppp 
        size     Runtime
           2   0.0976667
           4   0.0663333
           8   0.0543333
          16   0.0776667
          32       0.086
          64    0.137333
         128    0.184667
         256       0.373
         512       0.667
        1024     1.38133
        2048     2.49533
        4096       4.668
        8192       8.304
       16384     15.0817
       32768     24.7373
       65536      43.717
      131072     90.8477
      262144     170.394
      524288     301.306
     1048576     589.946
     2097152      1158.7
     4194304      2369.4
     8388608     4932.15
model=tbb num_threads=16 num_rounds=3 num_lines=16 pipes=sppppppp 
        size     Runtime
           2    0.260667
           4   0.0183333
           8       0.027
          16   0.0473333
          32       0.065
          64   0.0876667
         128       0.159
         256        0.31
         512       0.618
        1024     1.07967
        2048     2.11167
        4096     3.16233
        8192     5.97633
       16384     11.8473
       32768     21.6667
       65536     35.4123
      131072      61.005
      262144     125.219
      524288     281.675
     1048576     599.616
     2097152     1218.63
     4194304     2481.95
     8388608     5011.55
model=tf num_threads=32 num_rounds=3 num_lines=32 pipes=sppppppp 
        size     Runtime
           2    0.147667
           4   0.0756667
           8   0.0663333
          16   0.0743333
          32        0.08
          64    0.116333
         128       0.159
         256       0.305
         512    0.557333
        1024     1.03667
        2048     2.13167
        4096     4.25233
        8192     7.34367
       16384     12.6623
       32768       20.87
       65536     39.7733
      131072      70.724
      262144     137.617
      524288     254.822
     1048576     475.912
     2097152     982.768
     4194304     1990.07
     8388608     3860.32
model=tbb num_threads=32 num_rounds=3 num_lines=32 pipes=sppppppp 
        size     Runtime
           2    0.213333
           4       0.015
           8       0.036
          16       0.043
          32   0.0436667
          64       0.102
         128     1.00367
         256    0.313333
         512    0.549333
        1024     1.14933
        2048       2.132
        4096       3.959
        8192     7.87767
       16384     15.4267
       32768      26.844
       65536     48.0433
      131072     108.366
      262144     273.467
      524288     670.501
     1048576     1470.79
     2097152     3040.83
     4194304     6051.88
     8388608     12050.2
model=tf num_threads=64 num_rounds=3 num_lines=64 pipes=sppppppp 
        size     Runtime
           2   0.0856667
           4   0.0653333
           8   0.0763333
          16        0.07
          32       0.093
          64    0.146333
         128    0.169333
         256       0.375
         512       0.598
        1024     1.00733
        2048     2.15733
        4096     3.86933
        8192        7.25
       16384     11.5493
       32768      20.067
       65536     33.0973
      131072      58.144
      262144     117.905
      524288     217.952
     1048576     468.199
     2097152     877.268
     4194304     1851.88
     8388608     3820.11
model=tbb num_threads=64 num_rounds=3 num_lines=64 pipes=sppppppp 
        size     Runtime
           2    0.257333
           4       0.019
           8    0.525333
          16    0.227667
          32        0.08
          64    0.135333
         128    0.202333
         256       0.393
         512    0.763333
        1024     1.98833
        2048       3.454
        4096     7.73933
        8192      15.368
       16384      31.385
       32768      68.276
       65536     144.726
      131072     289.145
      262144     615.279
      524288     1236.63
     1048576      2482.1
     2097152      4977.9
     4194304     9708.21
     8388608     19384.1
model=tf num_threads=80 num_rounds=3 num_lines=80 pipes=sppppppp 
        size     Runtime
           2    0.100333
           4   0.0596667
           8   0.0683333
          16    0.124667
          32    0.114667
          64    0.191333
         128    0.209667
         256    0.388333
         512    0.711667
        1024    0.930333
        2048       1.889
        4096     3.87767
        8192       6.909
       16384     11.6083
       32768     18.5447
       65536     29.7213
      131072     56.5783
      262144     104.205
      524288     215.741
     1048576     433.226
     2097152     864.761
     4194304     1807.72
     8388608     3594.46
model=tbb num_threads=80 num_rounds=3 num_lines=80 pipes=sppppppp 
        size     Runtime
           2    0.263333
           4  0.00966667
           8   0.0136667
          16   0.0233333
          32   0.0533333
          64       0.111
         128    0.175333
         256    0.526667
         512    0.997667
        1024       2.022
        2048     4.68033
        4096       9.006
        8192      18.375
       16384     36.8687
       32768     74.4343
       65536     151.836
      131072     324.917
      262144     653.344
      524288     1310.83
     1048576     2610.61
     2097152     5206.52
     4194304     10445.8
     8388608     20887.6
