model=tf num_threads=4 num_rounds=3 num_lines=4 pipes=spsp 
        size     Runtime
           2       0.031
           4   0.0156667
           8   0.0163333
          16   0.0176667
          32   0.0243333
          64   0.0336667
         128   0.0406667
         256   0.0786667
         512    0.189667
        1024    0.276333
        2048       0.521
        4096     1.10367
        8192       2.805
       16384         6.2
       32768     10.8697
       65536     20.4887
      131072     34.6937
      262144     62.0113
      524288     134.236
     1048576     266.756
     2097152     507.735
     4194304     1205.32
     8388608     2508.68
model=tbb num_threads=4 num_rounds=3 num_lines=4 pipes=spsp 
        size     Runtime
           2    0.246333
           4   0.0133333
           8   0.0116667
          16   0.0106667
          32       0.016
          64       0.029
         128   0.0546667
         256   0.0936667
         512    0.157667
        1024    0.467667
        2048    0.903667
        4096       1.413
        8192     2.02433
       16384       3.659
       32768     7.33633
       65536      14.479
      131072     18.3437
      262144     33.7273
      524288     70.9543
     1048576       155.9
     2097152     309.606
     4194304     608.105
     8388608     1222.25
model=tf num_threads=8 num_rounds=3 num_lines=8 pipes=spsp 
        size     Runtime
           2    0.101333
           4   0.0556667
           8   0.0376667
          16   0.0506667
          32       0.045
          64   0.0673333
         128   0.0876667
         256    0.159333
         512    0.250333
        1024    0.475333
        2048       0.914
        4096     1.93767
        8192     3.60433
       16384     6.69367
       32768      11.161
       65536     21.2007
      131072      35.031
      262144     59.0137
      524288      109.68
     1048576     228.269
     2097152      389.01
     4194304      660.03
     8388608     1336.01
model=tbb num_threads=8 num_rounds=3 num_lines=8 pipes=spsp 
        size     Runtime
           2    0.210667
           4       0.009
           8  0.00833333
          16       0.012
          32   0.0146667
          64   0.0376667
         128       0.056
         256    0.114333
         512    0.237667
        1024    0.477667
        2048       0.864
        4096       1.271
        8192     2.26467
       16384       4.199
       32768     7.72567
       65536     15.3173
      131072       25.09
      262144      50.935
      524288     83.8667
     1048576     178.321
     2097152     383.101
     4194304     783.909
     8388608     1535.37
model=tf num_threads=16 num_rounds=3 num_lines=16 pipes=spsp 
        size     Runtime
           2   0.0896667
           4   0.0376667
           8       0.035
          16   0.0356667
          32   0.0536667
          64   0.0826667
         128   0.0846667
         256       0.129
         512    0.214333
        1024    0.330333
        2048    0.897667
        4096     1.60833
        8192       3.095
       16384     6.75733
       32768     9.48267
       65536      17.758
      131072     30.4267
      262144     64.5843
      524288     103.311
     1048576     211.118
     2097152     333.372
     4194304      616.12
     8388608      1241.1
model=tbb num_threads=16 num_rounds=3 num_lines=16 pipes=spsp 
        size     Runtime
           2    0.126333
           4  0.00233333
           8  0.00433333
          16       0.008
          32       0.013
          64   0.0376667
         128       0.033
         256       0.115
         512    0.216333
        1024    0.331667
        2048    0.969333
        4096     1.68433
        8192       2.841
       16384     5.40933
       32768     10.7003
       65536     17.7083
      131072      31.704
      262144     65.3047
      524288     153.883
     1048576     356.905
     2097152     929.383
     4194304     1869.93
     8388608     3663.06
model=tf num_threads=32 num_rounds=3 num_lines=32 pipes=spsp 
        size     Runtime
           2    0.102333
           4       0.037
           8       0.041
          16   0.0663333
          32   0.0516667
          64        0.07
         128    0.110333
         256    0.140333
         512    0.218333
        1024    0.469333
        2048       0.798
        4096       1.857
        8192       2.648
       16384     5.19267
       32768     11.2857
       65536     17.4877
      131072      33.618
      262144     51.0257
      524288     94.5557
     1048576     160.679
     2097152     329.504
     4194304      633.88
     8388608     1197.35
model=tbb num_threads=32 num_rounds=3 num_lines=32 pipes=spsp 
        size     Runtime
           2    0.242333
           4  0.00733333
           8       0.014
          16       0.019
          32       0.026
          64   0.0493333
         128   0.0733333
         256    0.130667
         512    0.216333
        1024       0.707
        2048       1.456
        4096       2.685
        8192     4.99333
       16384     10.0533
       32768      19.769
       65536      29.971
      131072     59.5637
      262144     157.173
      524288     475.981
     1048576      1286.7
     2097152     2905.26
     4194304     5725.44
     8388608     11149.5
model=tf num_threads=64 num_rounds=3 num_lines=64 pipes=spsp 
        size     Runtime
           2       0.068
           4       0.061
           8   0.0543333
          16   0.0836667
          32   0.0753333
          64   0.0913333
         128    0.106333
         256       0.158
         512    0.256333
        1024    0.452667
        2048       0.685
        4096       1.371
        8192     3.12433
       16384     6.07333
       32768       7.846
       65536     16.6773
      131072     24.5593
      262144     42.7773
      524288      87.349
     1048576     163.782
     2097152     323.777
     4194304     614.979
     8388608     1070.31
model=tbb num_threads=64 num_rounds=3 num_lines=64 pipes=spsp 
        size     Runtime
           2    0.256333
           4   0.0536667
           8       0.012
          16       0.018
          32   0.0353333
          64   0.0396667
         128   0.0586667
         256    0.123667
         512       0.257
        1024       0.415
        2048    0.792667
        4096       1.742
        8192     17.5507
       16384     37.5413
       32768     81.2423
       65536       167.2
      131072     327.617
      262144     652.919
      524288     1304.66
     1048576     2588.38
     2097152     5119.53
     4194304     10175.1
     8388608     20328.9
model=tf num_threads=80 num_rounds=3 num_lines=80 pipes=spsp 
        size     Runtime
           2   0.0776667
           4       0.067
           8       0.062
          16       0.054
          32       0.072
          64       0.086
         128    0.149333
         256    0.188667
         512    0.270333
        1024    0.500333
        2048    0.930667
        4096     1.37933
        8192     3.17933
       16384     4.78333
       32768     8.62233
       65536      13.776
      131072     24.5197
      262144     43.3893
      524288     76.7527
     1048576      147.61
     2097152     307.423
     4194304     586.325
     8388608     1191.66
model=tbb num_threads=80 num_rounds=3 num_lines=80 pipes=spsp 
        size     Runtime
           2    0.243667
           4  0.00433333
           8  0.00533333
          16  0.00933333
          32   0.0153333
          64       0.046
         128   0.0866667
         256    0.136667
         512    0.738333
        1024     9.25667
        2048     1.18433
        4096     4.75933
        8192     15.6463
       16384     36.2973
       32768      81.031
       65536     166.847
      131072     335.951
      262144     669.442
      524288      1338.7
     1048576     2673.66
     2097152     5329.45
     4194304     10713.7
     8388608     21496.6
