model=tf num_threads=4 num_rounds=3 num_lines=4 pipes=spspspspspspspsp 
        size     Runtime
           2       0.056
           4       0.033
           8       0.049
          16       0.039
          32   0.0623333
          64   0.0903333
         128       0.165
         256       0.321
         512    0.729333
        1024     1.58267
        2048     3.34467
        4096       7.186
        8192      14.107
       16384     24.4147
       32768     45.3807
       65536     102.408
      131072     197.893
      262144     360.524
      524288     851.655
     1048576     2182.03
     2097152     4833.26
     4194304     9580.61
     8388608       19446
model=tbb num_threads=4 num_rounds=3 num_lines=4 pipes=spspspspspspspsp 
        size     Runtime
           2       0.264
           4       0.019
           8   0.0576667
          16   0.0693333
          32    0.113333
          64    0.161333
         128       0.284
         256    0.560333
         512     1.06567
        1024       1.806
        2048     2.33567
        4096     4.63967
        8192     8.99233
       16384      19.105
       32768     23.4863
       65536     43.7173
      131072     96.6883
      262144     199.804
      524288     387.219
     1048576     774.408
     2097152      1533.6
     4194304     3077.41
     8388608     6103.74
model=tf num_threads=8 num_rounds=3 num_lines=8 pipes=spspspspspspspsp 
        size     Runtime
           2    0.129333
           4       0.068
           8       0.067
          16       0.107
          32    0.141333
          64       0.221
         128       0.365
         256    0.620667
         512     1.13567
        1024     2.14633
        2048     4.16267
        4096     6.48233
        8192      12.856
       16384      23.913
       32768     44.5103
       65536     87.9313
      131072     184.895
      262144      313.63
      524288     731.117
     1048576     1696.43
     2097152     2926.87
     4194304     8733.16
     8388608     17509.1
model=tbb num_threads=8 num_rounds=3 num_lines=8 pipes=spspspspspspspsp 
        size     Runtime
           2       0.284
           4   0.0286667
           8   0.0623333
          16    0.115333
          32    0.109333
          64       0.168
         128    0.302667
         256    0.646667
         512     1.35667
        1024       1.798
        2048     2.84633
        4096     5.80667
        8192     11.1277
       16384     19.6963
       32768     28.5157
       65536      57.323
      131072     130.453
      262144     293.234
      524288     600.329
     1048576      1198.3
     2097152        2362
     4194304     4750.38
     8388608     9577.98
model=tf num_threads=16 num_rounds=3 num_lines=16 pipes=spspspspspspspsp 
        size     Runtime
           2    0.132667
           4   0.0736667
           8       0.073
          16    0.101333
          32    0.158333
          64    0.192333
         128    0.383333
         256    0.579667
         512     1.02433
        1024     2.00233
        2048     3.62733
        4096     6.27267
        8192     12.0777
       16384     19.9677
       32768     41.9793
       65536      90.543
      131072     165.028
      262144     292.686
      524288     625.065
     1048576     1345.16
     2097152     3072.03
     4194304     6328.93
     8388608     13196.4
model=tbb num_threads=16 num_rounds=3 num_lines=16 pipes=spspspspspspspsp 
        size     Runtime
           2    0.210333
           4       0.016
           8   0.0606667
          16   0.0646667
          32    0.127333
          64       0.175
         128       0.291
         256       0.592
         512     1.11233
        1024     1.97633
        2048     3.07133
        4096       6.052
        8192     11.8647
       16384     21.4403
       32768     34.2257
       65536     68.0267
      131072     154.666
      262144     346.911
      524288     799.134
     1048576     1612.79
     2097152     3179.04
     4194304      6299.5
     8388608     12536.4
model=tf num_threads=32 num_rounds=3 num_lines=32 pipes=spspspspspspspsp 
        size     Runtime
           2    0.141667
           4   0.0616667
           8   0.0663333
          16   0.0846667
          32    0.148333
          64       0.179
         128    0.293333
         256    0.497667
         512       1.138
        1024     2.04033
        2048       3.442
        4096       6.247
        8192     11.8627
       16384     21.2733
       32768     37.5963
       65536     70.0777
      131072      149.37
      262144     294.382
      524288     596.142
     1048576     1197.66
     2097152      2590.5
     4194304     5467.12
     8388608     11328.6
model=tbb num_threads=32 num_rounds=3 num_lines=32 pipes=spspspspspspspsp 
        size     Runtime
           2    0.268333
           4       0.038
           8   0.0546667
          16    0.109333
          32    0.193667
          64    0.265667
         128    0.421667
         256    0.799333
         512       1.342
        1024     2.15467
        2048     3.89333
        4096     7.76933
        8192       15.25
       16384     27.3923
       32768     50.6003
       65536     104.341
      131072     224.849
      262144     505.162
      524288     1140.47
     1048576     2422.69
     2097152     4811.77
     4194304     9643.32
     8388608     19143.9
model=tf num_threads=64 num_rounds=3 num_lines=64 pipes=spspspspspspspsp 
        size     Runtime
           2       0.101
           4       0.051
           8   0.0783333
          16    0.134667
          32       0.192
          64       0.223
         128    0.285667
         256       0.545
         512       0.976
        1024     1.84067
        2048     3.58633
        4096     5.79267
        8192     11.9977
       16384       18.89
       32768     35.0893
       65536     67.6637
      131072     128.567
      262144     267.381
      524288     548.719
     1048576     1205.27
     2097152      2537.2
     4194304     5020.83
     8388608     10470.5
model=tbb num_threads=64 num_rounds=3 num_lines=64 pipes=spspspspspspspsp 
        size     Runtime
           2       0.209
           4   0.0316667
           8   0.0693333
          16       0.082
          32    0.447333
          64       2.822
         128    0.593333
         256     1.36233
         512     2.08967
        1024        3.89
        2048     7.09967
        4096     13.6387
        8192     25.7743
       16384      49.999
       32768      98.403
       65536     196.907
      131072     394.507
      262144     792.151
      524288     1583.31
     1048576     3172.94
     2097152     6306.87
     4194304     12573.4
     8388608     25067.9
model=tf num_threads=80 num_rounds=3 num_lines=80 pipes=spspspspspspspsp 
        size     Runtime
           2   0.0993333
           4        0.08
           8    0.102667
          16       0.128
          32       0.176
          64    0.220667
         128    0.378667
         256        0.59
         512    0.980667
        1024     1.82867
        2048     3.77867
        4096     6.61133
        8192     12.4177
       16384     18.4623
       32768     31.5113
       65536     64.0413
      131072     111.585
      262144     258.224
      524288      489.39
     1048576     1104.84
     2097152     2304.98
     4194304     4583.93
     8388608     9792.85
model=tbb num_threads=80 num_rounds=3 num_lines=80 pipes=spspspspspspspsp 
        size     Runtime
           2       0.201
           4   0.0133333
           8       0.026
          16       0.036
          32    0.146667
          64    0.311333
         128     4.78567
         256     1.44833
         512     2.14733
        1024     4.29867
        2048     7.83367
        4096      15.298
        8192      28.891
       16384      56.457
       32768     112.683
       65536     225.617
      131072     447.852
      262144     891.102
      524288     1782.42
     1048576     3551.31
     2097152     7131.97
     4194304     14171.5
     8388608     28364.5
